1	'开始于北方之眼' -122.15 2.4 61.04
2	'对话Aurene' -266.65 2.41 216.99
3	'对话Taimi' -323.01 2.32 193.07
4	'now to lornars Pass' -132.93 2.4 71.04
5	'开始剧情-多年老友' -274.77 99.25 -220.03
6	'见到Gorrik并跟随他到船上的下一个点' -123 100.68 155.39
7	'在Gorrik被捕获后杀掉他们然后开始下一个剧情' 268.46 120.84 -261.06
8	'下一个剧情开始点' 276.43 119.27 -263.86
9	'地图加载完成后的位置' 378.77 270.15 200.45
10	'检查船的内部,然后需要手动完成任务' 377.68 270.03 294.69
11	'动画过后你在拘留所' -104.04 66.21 -539.25
12	'拿起大石头' -100.19 65.61 -547.13
13	'在长凳上使用大石头' -106.78 65.6 -534.76
14	'拿起木板' -106.78 65.6 -534.76
15	'使用木板获取钥匙' -98.74 65.6 -535.61
16	'在地上用木板拿到钥匙' -98.74 65.6 -535.61
17	'等到门打开或拿到成就再去下一个位置' -104.08 65.61 -531.04
18	'拿绷带' -98.52 65.6 -539.85
19	'浸泡它' -99.53 65.62 -542.81
20	'用绷带拿钥匙' -98.74 65.61 -535.61
21	'打开门并获得成就' -103.08 65.61 -530.59
22	'对话Big Hatted Man Rama' -97.95 65.5 -525.85
23	'跟随他' -100.83 65.39 -522.42
24	'等他到达办公室再传送到这里！' -163.52 65.55 -503.46
25	'那你得东西' -168.42 65.48 -516.68
26	'跟随他' -161.98 65.48 -510.41
27	'Anet 提出立场' -131.86 59.9 -393.69
28	'对话卡丝蜜尔' -163.85 59.9 -373.58
29	'对话Minister LI' -127.84 59.98 -372.17
30	'剧情结束' -127.84 59.98 -372.17
