1	'剧情开始' 576.15 145.51 22.94
2	'进入后等待剧情并击杀,然后等待飞船停止' -121.36 518.89 -239.94
4	'传送' -149.09 250.72 -64.25
5	'传送' -165.93 199.63 -158.04
6	'传送' -125.58 170.79 -64.97
7	'传送' -125.38 112.84 -9.73
8	'BOSS_P1结束后传送' -56.36 119.46 -18.9
9	'BOSS第二个位置' 41.66 145.52 15.2
10	'BOSS第三个位置_中转' 31.82 154.75 99.78
11	'BOSS第三个位置' -59.8 194.99 147.14
12	'继续追踪' -46.17 182.74 210.22
13	'继续追踪' -43.22 157.43 258.55
14	'追踪结束,进动画' -29.4 154.23 343.19
15	'对话格里克' -27.88 154.23 351.83
16	'提取器,猥琐加速,否则卡剧情' -28.73 154.23 360.06
17	'碎片' -7.86 154.23 362.68