1	'与渔夫交谈以找到欧茹恩' -274.74 1.47 -223.22
2	'乘船游览结束后传送到这里' -512.54 0.73 -794.74
3	'与凯西交谈，然后下一个港口' -512.54 0.73 -794.74
4	'一旦他们跑到这里的奥伦港' -527.74 5.75 -784.65
5	'传送到这里' -532.61 16.57 -747.48
6	'当她不说话时，在这里与欧如恩交谈' -564.01 17.67 -729.33
7	'与玛乔丽交谈' -549.59 17.6 -719.68
8	'说完就去钓鱼' -479.44 -0.08 -795.87
9	'钓完鱼后传送到这里' -567.73 17.91 -729.86
10	'事件完成,退出剧情' -572.03 18.31 -731.63
11	'与拉玛交谈' -682.93 44.76 -442.18
12	'第一课,使用特殊技能(组合技)' -704.58 45.09 -440.7
13	'第二课,破蔑视条' -696.6 45.02 -487.75
14	'最后一课' -714.14 45.18 -531.09
15	'回去与拉玛交谈' -683.16 44.72 -441.85
16	'挑战翠玉机甲' -637.65 57.05 -457.29
17	'向拉玛报告，查看卡丝蜜尔的情况' -683.63 44.67 -442.34
18	'与卡丝蜜尔交谈' -1223.42 120.68 -221.65
19	'开始事件' -1223.17 120.68 -224.41
20	'宫廷门外' -1220.62 120.69 -224.72
21	'进入宫廷看剧情' -1241.08 120.68 -226.46
22	'和女王对话,成就不知道怎么完成的??' -1253.84 120.69 -226.34
23	'和李部长谈话' -1260.08 120.64 -165.82
24	'和俊女士谈话' -1252.6 120.64 -166.8
25	'事件完成' -1254.89 120.64 -168.39
26	'与玛乔丽谈话' -1147.71 102.05 -348.81
27	'日志盒1,必须等对话结束，下一个才能继续对话' -1077.83 24 -481.69
28	'日志盒2' -1047.91 42.47 -631.25
29	'日志盒3' -1014.31 61.9 -644.08
30	'日志盒4' -1028.43 58.97 -514.92
31	'日志盒5' -991.73 44.03 -680.62
32	'日志盒6' -1202.07 25.68 -550.96
33	'可选_日志盒1' -1131.98 -21.05 -640.38
34	'可选_日志盒2' -1131.01 -8.95 -535.23
35	'集合点' -1057.79 1.88 -510.35
36	'对话--' -1057.86 1.92 -509.8
37	'对话阿肯' -145.55 65.46 -507.99
38	'read' -159.2 66.57 -526.26
39	'read' -171.17 65.48 -518.89
40	'read' -178.75 65.45 -508.34
41	'read' -165.14 65.48 -509.2
42	'read' -170.41 65.48 -515.33
43	'read,手动把书都读完，有成就！' -174.85 65.45 -506.17
44	'leave' -121.4 65.46 -490.45
45	'进入剧情，人以群分' -490.75 0.45 -789.97
