1	'进入剧情,瞬移后要快,不然会被黑暗压倒强制传回' 334.78 95.27 -523.17
2	'地点1听对话' 410.48 93.85 -527.08
3	'等待格里克' 416.61 93.86 -528.26
4	'等待完说完话传送' 472.61 93.24 -548.23
5	'调查洞穴异常情况，然后释放特殊技能打墙，然后杀怪' 477.46 93.16 -575.24
7	'对话完成后传送' 449.98 57.11 -551.09
8	'等待并听对话' 456.3 57.11 -551.2
9	'传送并杀怪' 499.87 57.17 -551.51
11	'找钥匙' 488.77 57.35 -527.2
12	'开门' 518.65 57.16 -540.58
13	'面对美琴团长,对话不能加速,否则必卡剧情' 547.42 56.27 -524.61
14	'寻找眼罩材料' 541.03 56.93 -508.43
15	'回到美琴身边对话' 565.64 56.27 -524.53
16	'查看依凡情况' 505.93 57.16 -545.71
17	'启动控制面板' 506.5 57.13 -559.63
18	'事件完成，退出' 506.17 57.14 -552.76
