1	'对话卡丝蜜尔' 140.28 92.32 423.44
2	'对话纳维,对话完了再走' 139.77 92.32 420.5
3	'找到旅行文件,拿号码' 148.04 150.32 247.24
4	'坐椅子,可能是成就？' 141.06 150.35 241.76
5	'对话' 142.44 150.31 228.11
6	'现在使用端口填充事件仪表,可能是成就？_yaaaaaaaaaay' 143.73 150.27 273.67
7	'kill' 66.84 77.83 525.69
8	'kill' 86.27 90.09 637.36
9	'kill' 53.46 70.61 575.8
10	'kill' 50.81 73.82 551.58
11	'kill' 31.08 76.24 536.62
12	'kill' 21.27 78.19 498.59
13	'kill' -278.23 55.42 575.9
14	'kill' -349.7 47.86 637.47
15	'kill' -393.65 50.59 655.47
16	'kill' -429.14 51.44 691.13
17	'kill' -451.87 50.41 685.32
18	'kill' -508.13 48.88 682.35
19	'kill' -514.99 47.88 651.98
20	'kill' -434.49 58.17 616.14
21	'kill' -408.79 133.57 568.3
22	'kill' -317.74 76.95 661.61
23	'kill' -351.5 88.91 686.64
24	'kill' -384.67 82.82 773.36
25	'kill' -375.37 82.81 768.02
26	'kill' -439.78 88.69 787.14
27	'kill' -526.94 83.43 747
28	'kill' -555.36 87.25 768.48
29	'kill' -518.01 48.83 684.86
30	'kill' -537.59 86.97 466.69
31	'kill' -557.96 87.13 484.29
32	'kill' -573.52 86.57 479.87
33	'kill' -599.46 81.59 494.76
34	'kill' -575.47 124.58 428.03
35	'kill' -598.82 131.25 434.47
36	'kill' -587.75 120.3 398.09
37	'kill_last' -628.69 120.18 404.98
38	'对话卡丝蜜尔' 140.97 92.32 423.29
39	'做爱心,买个船,靠你自己做啦宝贝~' -703.68 1.39 679.89
40	'传送,开船' -652.65 -1.29 740.17
41	'等待对话结束' -649.32 -1.29 745.06
43	'接纳维' -465.94 -1.29 922.59
44	'航行到新凯宁,进个人剧情' 607.16 -1.29 999.86
45	'进剧情后第一个点' -1254.91 -1.3 -158.34
46	'在这里下船' -1242.73 1.5 -90.37
47	'进对话剧情' -1217.1 2.21 -90.61
48	'跟随他们' -1215.35 2.19 -81.78
49	'第一个暂停点' -1136.97 3.34 -43.53
50	'第二个暂停点,对话商人,两个点之间必须跟着他,不然这逼东西不走' -949.62 3.46 -298.41
51	'调查并等待对话,杀怪,等待对话,杀怪' -983.23 3.47 -321.74
52	'退出个人剧情' -985.99 3.5 -315.69
