1	'等待并听剧情' -943.63 3.34 -176.1
2	'对话胡工程师' -673.08 147.83 229.83
3	'对话姚' -739.93 255.43 533.98
4	'与工程师伊劳拉交谈' -694.33 260.63 552.88
5	'测试翠玉传送器(旁边有翠玉电池)' -630.76 268.39 564.44
6	'测试第二个' -699.48 268.26 456.83
7	'使用科技索道' -665.67 298.13 550.74
8	'继续使用,一共四次' -665.18 298.13 551.13
9	'变成飞行机器人并拿电池！' -668.4 243.65 638.59
10	'点亮灯笼1' -631.9 282.06 656.07
11	'拿电池' -643.95 255.24 598.44
12	'点亮灯笼2' -605.83 292.14 591.24
13	'拿电池' -643.95 255.24 598.44
13	'点亮灯笼3' -666.86 323.84 558.01
14	'拿电池' -699.9 260.63 504.72
15	'点亮灯笼4' -770.64 310.89 490.27
16	'离开机器人并来这里拿一个电池' -648.83 255.3 592.83
17	'使用控制台,选择一个机器人并击杀' -659.72 255.29 626.84
18	'等待剧情' -564.17 243.63 655.57
19	'个人剧情开始' -637.9 7.45 -1.67
20	'对话' -674.66 7.55 -3.82
21	'传送' -764.66 20.2 122.96
22	'传送' -699.85 49.9 57.29
23	'对话并等待' -706.43 49.9 56.68
24	'拿扫描器' -693.04 49.9 53.91
25	'读日记' -689.54 49.9 49.53
26	'使用扫描器' -753.03 7.19 75.63
27	'旋转视角有几个船在动，第上面的船在左边的时候再传送,然后马上扫描!否则掉水里需要重新拿扫描器' -691.56 17.05 -95.83
28	'传送,杀怪' -735.81 44.85 137.23
29	'接线盒1,根据方框出现循序按技能' -738.47 44.85 111.08
30	'kill' -700.77 49.9 59.17
31	'接线盒2,根据方框出现循序按技能' -696.12 49.9 41.61
32	'kill' -804.34 23.05 102.73
33	'接线盒3,根据方框出现循序按技能' -824.26 23.4 84.52
34	'拿扫描器' -758.46 44.84 112.73
35	'读日记' -727.68 44.85 113.69
36	'使用扫描器' -736.02 44.85 141.73
37	'结束剧情' -688.93 7.55 4.93
38	'等待剧情对话结束' -628.51 7.51 -4.59
39	'对话美琴船长' -135.01 5.04 -778.68
40	'对话' 85.67 3.23 -617.17
41	'骑上肉食鸟' 85.83 3.23 -620.14
42	'气罐1' -229.69 57.32 -471.07
41	'骑上肉食鸟' 85.83 3.23 -620.14
43	'气罐2' -39.73 49.83 -380.26
41	'骑上肉食鸟' 85.83 3.23 -620.14
44	'气罐3' 61.04 44.33 -443.2
85	'气罐4(应该不需要了)' 154.9 52.96 -809.45
86	'气罐5(应该不需要了)' 113.92 34.88 -590.98
87	'气罐6(应该不需要了)' 239.13 54.9 -597.77
45	'开门' -157.7 4.99 -774.11
46	'对话美琴船长' -164.02 48.7 -775.61
47	'检查' -154.26 49.74 -770.05
48	'进入个人剧情' 638.72 118.35 826.84
49	'对话格里克' 725.7 134.52 830.4
50	'传送' 735.83 135.36 778
51	'拿扫描器' 752.26 135.79 777.6
52	'扫描' 755.37 135.98 731.3
53	'扫描' 725.49 135.98 664.91
54	'扫描' 745.81 134.99 615.32
55	'等待对话,然后使用机器人' 721.1 136.45 715.35
56	'扫描' 749.68 164.15 615.12
57	'扫描' 773.85 185.12 597.84
58	'扫描' 760.39 173.68 556.54
59	'扫描' 740.79 171.68 563.98
60	'扫描' 751.91 159.35 574.51
61	'使用特殊技能' 726.92 170.56 574.97
62	'使用特殊技能' 710.06 180.37 612.98
63	'使用特殊技能' 708.51 183.38 673.52
64	'扫描' 790.3 139.27 667.72
65	'使用特殊技能' 772.62 135.62 623.9
66	'使用特殊技能' 731.9 135.22 633.72
67	'扫描' 777.01 182 657.26
68	'使用特殊技能' 821.59 181.42 685.68
69	'使用特殊技能' 830.89 185.3 716.17
70	'扫描' 833.89 190.33 683.54
71	'使用特殊技能' 789 185.62 708.92
72	'扫描' 762.6 205.81 771.2
73	'扫描' 731.91 177.47 749.49
74	'使用特殊技能' 774.64 170.27 725.82
75	'使用特殊技能' 756.76 182.46 606.05
76	'使用特殊技能' 760.39 164.63 564.24
77	'清除成就完成' 705.69 138.05 677.05
78	'扫描' 697.5 140.55 675.41
79	'退出机器人' 701.06 148.75 677.54
80	'对话' 733.19 135.36 771.77
81	'传送' 720.2 136.02 745.64
82	'杀怪' 739.63 135.36 804.64
83	'使用' 752.32 135.77 775.36
84	'剧情完成' 747.78 135.8 773.05