1	'开始个人剧情' -701.46 25.92 834.83
2	'传送' -60.43 301.5 199.94
3	'对话' -62.77 301.42 188.22
4	'传送' -85.25 279.11 126.12
5	'游览' -65.2 282.06 116.75
6	'游览之后使用电梯' -65.29 279.24 94.74
7	'传送' 74.47 85.91 -83.77
9	'控制台1' 35.15 85.96 -18.86
10	'控制台2' -79.84 85.97 -100.15
11	'控制台3' -142.05 85.85 -16.61
12	'控制台4' -52.67 85.85 8.75
13	'传送' 48.49 85.86 -68.08
14	'使用' 67.14 67.48 74.4
15	'使用' 151.19 67.54 109.37
16	'拿电池' 150.09 86.61 -2.88
17	'使用' 161.08 85.08 37.67
18	'传送并对话' 181.41 86.78 -59.32
19	'听对话' 174.46 86.7 -60.59
20	'传送' 153.8 66.22 -140.34
21	'对话淑文' 140.42 66.2 -152.67
22	'传送' -60.58 66.81 -187.29
23	'跟随' -57.23 66.79 -190.54
24	'剧情完后用电梯' -26.88 45.55 -130.96
25	'传送' -89.6 168.74 -165.62
26	'击杀' -95.62 168.73 -189.36
27	'击败工人(成就)' -82.91 186.29 -266.59
28	'' -109.7 186.18 -269.79
29	'' -145.26 191.53 -231.56
30	'' -133.66 197.22 -195.87
31	'' -103.02 197.18 -197.73
32	'' -125.83 197.22 -199.64
33	'' -66.44 197.19 -222.35
34	'' -62.44 192.35 -250.33
35	'' -115.88 186.19 -261.85
36	'' -130.66 168.98 -171.39
37	'' -149.66 169.02 -161.81
38	'' -149.8 159.93 -133.85
39	'' -126.78 152.92 -120.51
40	'' -106.1 135.41 -149.39
41	'' -86.93 135.49 -149.67
42	'' -126.49 134.24 -163.51
43	'' -130.29 133.29 -135.51
44	'' -102.71 163.97 -218.76
45	'' -136.92 163.97 -234.44
46	'' -97.36 163.92 -270.85
47	'' -77.21 163.97 -249.27
48	'' -112.89 209.08 -258.71
49	'' -146.63 197.52 -171.78
50	'' -140.46 197.54 -141.22
51	'' -115.94 197.54 -156.25
52	'使用' -117.14 209.08 -254.07
53	'传送' -59.03 197.19 -227.52
54	'使用' -110.15 209.09 -268.19
55	'' -122.71 209.25 -280.23
56	'传送,使用电梯' -125.22 213.4 -300.4
57	'逃离' -42.95 279.06 117.83
58	'反应堆' -9.93 292.8 161.62
59	'剧情结束' -1393.36 0.62 618.51
