1	'开始个人剧情,禁止加速,否则卡剧情！' 797.27 3.22 -14.56
2	'对话' 825.46 5.07 27.99
3	'坐下' 815.51 5.07 20.68
4	'吃食物' 816.81 4.97 20.55
5	'对话队长(不开战有成就)' 801.73 3.23 21.3
6	'再次对话,然后退出剧情' 817.93 5.07 31
8	'开始个人剧情' 1287.38 49.05 -853.48
9	'对话' -1360.89 7.78 885.49
10	'传送' -1253.51 3.53 893.88
11	'击杀' -1245.01 4.95 890.85
11	'进入亭石' -1086.63 11.88 722.9
12	'检查' -1028.14 14.86 787.89
13	'检查' -1098.07 -1.53 637.75
14	'读信' -1080.61 13.28 593.7
15	'读信' -1026.76 12.13 558.77
16	'检查' -1025.69 12.12 549.54
17	'检查' -975.73 11.98 522.07
18	'检查' -983.1 11.98 487.68
19	'检查' -937.6 12.15 668.35
20	'检查' -970.93 12.19 711.08
21	'检查' -942.13 16.99 746.18
22	'检查' -891.45 13.71 757
23	'检查' -891.52 34.68 690.25
24	'检查' -950.41 2.41 590.98
25	'检查' -892.67 11.97 618.4
26	'传送' -1006.81 2.61 640.43
27	'击杀' -1006.57 2.61 643.46
28	'对话' -1005.88 2.69 632.12
29	'对话古纳维' -1006.88 2.61 634.68
30	'对话' -1000 2.52 625.37
31	'个人剧情结束' -1001.42 2.49 626.52
