1	'进入' -1073.47 12.01 574.68
2	'对话' -1110.89 8.89 534.37
3	'进入' -1081.81 12.85 565.72
4	'使用电梯' -953.68 14.93 499.24
5	'对话' -1030.2 116.73 518.46
6	'对话' -1034.42 116.73 516.45
7	'对话' -1090.46 11.88 727.04
8	'进入科瓦德森林' -1287.72 9.41 753.59
9	'对话' 52.29 214.2 647.8
10	'开始做爱心' 85.07 210.04 696.33
11	'' 96.77 210.04 696.27
12	'' 104.16 207.04 759.3
13	'' 95.09 207.05 740.15
14	'' 112.76 212.29 705.74
15	'' 63.7 211.15 739.46
16	'' 80.45 207.15 716.21
17	'' 132.97 210.01 774.19
18	'' 133.51 210.01 794.93
19	'' 94.31 207.35 827.09
20	'' 79.15 210.27 832.76
21	'' 81.83 207.07 807.55
22	'' 76.95 207.07 810.24
23	'' 10.92 210.08 718.17
24	'' 16.36 209.16 758.32
25	'' 42.29 211.65 752.34
26	'' -3.35 210.03 766.85
27	'' 2.48 210.01 774.46
28	'' 3.71 210.01 799.39
29	'' 3.14 210.04 785.08
30	'' 19.61 210.01 794.51
31	'' 37.71 210.01 772.46
32	'' 37.81 210.01 797.69
33	'' 73.49 207.38 797.01
34	'使用水' 54.7 210.05 795.24
35	'' 95.51 207.05 740.05
36	'' 80.13 207.07 807.88
37	'' 164.68 210.01 793.9
38	'' 163.85 209.16 743.97
39	'' 153.85 209.17 719.6
40	'' 169.46 265.06 798.62
41	'用机器人到达这里时,瞬间按1技能' 121.27 228.92 738.53
42	'' 37.61 209.13 832
43	'' 24.64 210.01 710.4
44	'听' 13.88 210.01 784.96
45	'读' 165.55 265.31 815.6
46	'对话' 153.28 266.04 711.36
47	'传送并听对话' 70.49 211.84 637.88
48	'获取音频日志' -319 186.1 51.71
49	'日志' -362.81 192.98 23.94
50	'日记(成就)' -359.85 192.95 4.71
51	'与拉玛重新汇合' 1256.65 82.42 -858.54
52	'传送' 532.06 210.61 -28.46
53	'传送' 417.97 230.85 -40.57
54	'传送到这里,等待剧情结束进门' 376.77 237.82 -50.76
55	'传送' 451.46 222.26 -27.36
56	'传送' 559.99 144.73 -14.48
57	'对话' 528.16 151.84 -43.92
58	'传送' 564.52 145.78 37.11
59	'结束' 542.95 145.71 33.97
